clc;
clear all;
close all;
n = 13;
xy = 10*rand(n,2);
%城市坐标
popSize = 60;%种群大小
numIter = 1e4;%迭代次数
showProg = 1;
showResult = 1;
% Amsterdam    = [0    2.2  18.1 4.8  9.2  8.4  5.2  0.4  9.3  11.3 10.2 0.4  10.4]; %1
% Athens       = [2.2  0    17.5 2.8  7.9  6.6  3.3  1.8  8.5  9.8  8.7  2.4  9.6];  %2
% Auckland     = [18.1 17.5 0    14.7 9.6  10.9 14.2 18.2 9.1  7.6  8.7  18.3 8.0];  %3
% Bahrain      = [4.8  2.8  14.7 0    5.4  3.8  0.5  4.4  6.4  7.0  6.0  5.1  7.4];  %4
% Bangkok      = [9.2  7.9  9.6  5.4  0    2.4  4.9  9.0  1.7  2.3  1.2  9.5  2.2];  %5
% Colombo      = [8.4  6.6  10.9 3.8  2.4  0    3.3  8.1  4.1  3.3  2.5  8.7  4.6];  %6
% Dubai        = [5.2  3.3  14.2 0.5  4.9  3.3  0    4.8  6.0  6.6  5.5  5.5  6.9];  %7
% Frankflurt   = [0.4  1.8  18.2 4.4  9.0  8.1  4.8  0    9.2  11.1 10.0 0.6  10.3]; %8
% HK           = [9.3  8.5  9.1  6.4  1.7  4.1  6.0  9.2  0    3.3  2.5  9.6  1.1];  %9
% Jakarta      = [11.3 9.8  7.6  7.0  2.3  3.3  6.6  11.1 3.3  0    1.2  11.7 2.8];  %10
% KualaLumpur  = [10.2 8.7  8.7  6.0  1.2  2.5  5.5  10.0 2.5  1.2  0    10.5 2.5];  %11
% London       = [0.4  2.4  18.3 5.1  9.5  8.7  5.5  0.6  9.6  11.7 10.5 0    10.7]; %12
% Manila       = [10.4 9.6  8.0  7.4  2.2  4.6  6.9  10.3 1.1  2.8  2.5  10.7 0];    %13
dmat =[
[0    2.2  18.1 4.8  9.2  8.4  5.2  0.4  9.3  11.3 10.2 0.4  10.4];
[2.2  0    17.5 2.8  7.9  6.6  3.3  1.8  8.5  9.8  8.7  2.4  9.6]; 
[18.1 17.5 0    14.7 9.6  10.9 14.2 18.2 9.1  7.6  8.7  18.3 8.0]; 
[4.8  2.8  14.7 0    5.4  3.8  0.5  4.4  6.4  7.0  6.0  5.1  7.4]; 
[9.2  7.9  9.6  5.4  0    2.4  4.9  9.0  1.7  2.3  1.2  9.5  2.2]; 
[8.4  6.6  10.9 3.8  2.4  0    3.3  8.1  4.1  3.3  2.5  8.7  4.6]; 
[5.2  3.3  14.2 0.5  4.9  3.3  0    4.8  6.0  6.6  5.5  5.5  6.9]; 
[0.4  1.8  18.2 4.4  9.0  8.1  4.8  0    9.2  11.1 10.0 0.6  10.3];
[9.3  8.5  9.1  6.4  1.7  4.1  6.0  9.2  0    3.3  2.5  9.6  1.1]; 
[11.3 9.8  7.6  7.0  2.3  3.3  6.6  11.1 3.3  0    1.2  11.7 2.8]; 
[10.2 8.7  8.7  6.0  1.2  2.5  5.5  10.0 2.5  1.2  0    10.5 2.5]; 
[0.4  2.4  18.3 5.1  9.5  8.7  5.5  0.6  9.6  11.7 10.5 0    10.7];
[10.4 9.6  8.0  7.4  2.2  4.6  6.9  10.3 1.1  2.8  2.5  10.7 0];   
];
%城市位置不一定随机生成
%代价矩阵  固定的数据集合
%大约在50代以后收敛，得到近似最优方案的最小路程代价为40.2
% 对于固定数据集 如果两个城市间不通车  可将代价 设为足够大的数 以此排除掉该边的影响
greedy(dmat,n)
dp(dmat,n)
%开放非固定数据集合  只用设置 nargin = 0
[optRoute,minDist] = tsp_ga(xy,dmat,popSize,numIter,showProg,showResult);
%disp(minDist)
%disp(optRoute)
%optRoute 遗传算法得到的最优路径
%minDist 最短距离值


 
% 精确解 穷举 的改进版  在 n^2以内的复杂度可以解决 但是需要大量的状态空间 大约是 n*(1<<n)的状态空间 
% 搜索树深度必须为O(n)
